1718109406005 0.5004855311711012 0
1718109413831 0.5006797436395417 1
1718109422676 0.4973781316760536 2
1718109429613 0.4992231501262381 3
1718109436908 0.5013594872790833 4
1718109443934 0.5028160807923868 5
1718109450276 0.4989318314235774 6
1718109456734 0.5034958244319285 7
1718109463363 0.503690036900369 8
1718109473116 0.5045639930083511 9
1718109482600 0.4974752379102738 10
1718109491853 0.5025247620897262 11
1718109499189 0.5035929306661487 12
1718109506943 0.5026218683239464 13
1718109513983 0.5011652748106429 14
1718109520340 0.5045639930083511 15
1718109527444 0.5033016119634881 16
1718109535549 0.5081569236744999 17
1718109544657 0.5092250922509225 18
1718109552247 0.5047582054767916 19
1718109559578 0.5010681685764226 20
1718109566301 0.5045639930083511 21
1718109572998 0.5081569236744999 22
1718109579745 0.5065061176927559 23
1718109587067 0.5091279860167023 24
1718109594252 0.5047582054767916 25
1718109601207 0.5080598174402796 26
1718109609032 0.5100019421246844 27
1718109616514 0.5104874732957856 28
1718109623986 0.5069916488638571 29
1718109631002 0.5097106234220237 30
1718109637797 0.5090308797824821 31
1718109644913 0.5089337735482617 32
1718109651798 0.505340842882113 33
1718109658159 0.5076713925033988 34
1718109664492 0.5096135171878035 35
1718109670786 0.5100019421246844 36
1718109677416 0.5082540299087202 37
1718109687998 0.5095164109535832 38
1718109696078 0.5093221984851427 39
1718109703556 0.5065061176927559 40
1718109714251 0.5083511361429404 41
