1718109405384 0.7602499288894375 0
1718109413383 0.7615740880462694 1
1718109422325 0.7585232850187313 2
1718109429230 0.7555754557714699 3
1718109436538 0.7537326103319293 4
1718109443510 0.7527070435122674 5
1718109449924 0.7528800177185432 6
1718109456365 0.750056989444709 7
1718109462944 0.7492368104202407 8
1718109471178 0.750192608198394 9
1718109481169 0.7458940826310134 10
1718109491460 0.7446730591310478 11
1718109498498 0.745832749682924 12
1718109506612 0.7447686651200982 13
1718109513622 0.7440119714285276 14
1718109520002 0.7418162524237396 15
1718109527119 0.7411246413122052 16
1718109535107 0.7422774348940168 17
1718109544264 0.7436935950695358 18
1718109551839 0.7389721624229265 19
1718109559201 0.7371786346902018 20
1718109565937 0.7372318368798457 21
1718109572659 0.7402495875121644 22
1718109579403 0.7401932629276506 23
1718109586680 0.7346636813990077 24
1718109593906 0.7371013358883236 25
1718109600828 0.7356223457070611 26
1718109608483 0.7332091015873489 27
1718109616179 0.7338019466918447 28
1718109623578 0.7323207297587987 29
1718109630641 0.7335478055366078 30
1718109637422 0.7321027937050192 31
1718109644537 0.7300815617908603 32
1718109651437 0.7295539803479029 33
1718109657750 0.7312495360463303 34
1718109664147 0.7316852611784609 35
1718109670458 0.7284828159287109 36
1718109676843 0.7281257786921093 37
1718109687352 0.7317778563925198 38
1718109695528 0.7284101280181304 39
1718109703151 0.7282915588306345 40
1718109713637 0.7266280413229272 41
