1718124336503 0.4974752379102738 0
1718124343906 0.5001942124684404 1
1718124351399 0.5033016119634881 2
1718124358202 0.49805787531559526 3
1718124365408 0.5008739561079821 4
1718124372042 0.5043697805399107 5
1718124378668 0.5033987181977083 6
1718124385561 0.5071858613322975 7
1718124392211 0.5045639930083511 8
1718124398837 0.5066032239269761 9
1718124405533 0.5122353855117499 10
1718124412080 0.5087395610798213 11
1718124418670 0.5102932608273452 12
1718124424957 0.5054379491163332 13
1718124431219 0.5130122353855118 14
1718124437838 0.5104874732957856 15
1718124444133 0.514760147601476 16
1718124450307 0.5135948727908332 17
1718124456482 0.5128180229170712 18
1718124462626 0.5128180229170712 19
1718124468805 0.5134006603223927 20
1718124474978 0.5157312099436784 21
1718124481185 0.5148572538356962 22
1718124487376 0.5166051660516605 23
1718124493817 0.5164109535832201 24
1718124499990 0.5166051660516605 25
1718124506144 0.5150514663041367 26
1718124512303 0.5189357156729462 27
1718124518462 0.5158283161778986 28
1718124524669 0.518450184501845 29
1718124531030 0.5176733346280831 30
1718124537223 0.5222373276364343 31
1718124543414 0.523791027383958 32
1718124549605 0.5210720528257914 33
1718124555813 0.522528646339095 34
1718124562006 0.5226257525733152 35
1718124568190 0.5234997086812974 36
1718124574501 0.5217517964653331 37
1718124580737 0.5287434453291902 38
1718124586992 0.525441833365702 39
1718124593580 0.5250534084288211 40
1718124600525 0.5244707710234997 41
1718124610658 0.5287434453291902 42
1718124617734 0.5293260827345115 43
1718124624842 0.5317537385900175 44
1718124631298 0.5317537385900175 45
1718124637812 0.5294231889687318 46
1718124644986 0.5349582443192853 47
1718124651350 0.5349582443192853 48
1718124657699 0.5346669256166245 49
1718124664071 0.5334045445717615 50
1718124670450 0.5353466692561663 51
1718124676798 0.5342785006797436 52
1718124683146 0.536026412895708 53
1718124689809 0.5391338123907555 54
1718124696111 0.539328024859196 55
1718124702677 0.5380656438143329 56
1718124709072 0.5384540687512138 57
1718124715425 0.5394251310934162 58
1718124721754 0.538551174985434 59
1718124728015 0.5416585744804816 60
1718124734311 0.5404932996698388 61
1718124740591 0.5424354243542435 62
1718124746857 0.5412701495436008 63
1718124753093 0.544668867741309 64
1718124759331 0.5423383181200233 65
1718124765566 0.5411730433093804 66
1718124771788 0.5441833365702078 67
1718124778013 0.5432122742280054 68
1718124784236 0.5439891241017674 69
1718124790569 0.5441833365702078 70
1718124796808 0.543018061759565 71
1718124803220 0.5484560108758982 72
1718124809394 0.5434064866964459 73
1718124815614 0.5456399300835114 74
1718124821778 0.5421441056515829 75
1718124828189 0.5469994173625947 76
1718124834555 0.5434064866964459 77
1718124840805 0.5476791610021363 78
1718124847011 0.5484560108758982 79
1718124853201 0.5457370363177316 80
1718124859409 0.5452515051466305 81
1718124865616 0.5437949116333268 82
1718124871912 0.5458341425519518 83
1718124878132 0.5452515051466305 84
