1718124335953 0.7568826369987511 0
1718124343545 0.7528627427838603 1
1718124351038 0.7516445797052442 2
1718124357841 0.7454196285016789 3
1718124365022 0.7408308045741934 4
1718124371664 0.7375801430078026 5
1718124378291 0.7350306705288265 6
1718124385216 0.7342539297312684 7
1718124391846 0.7274508033850178 8
1718124398452 0.7288992964888211 9
1718124405166 0.7274810878201301 10
1718124411725 0.7229290756842365 11
1718124418341 0.7215967377335388 12
1718124424593 0.7194726696665983 13
1718124430879 0.7181007409503001 14
1718124437351 0.7186618691183025 15
1718124443803 0.714784443147064 16
1718124449977 0.7157959240193693 17
1718124456152 0.7112969234122993 18
1718124462297 0.7130871172647298 19
1718124468458 0.7092407099115923 20
1718124474617 0.7094896917942888 21
1718124480839 0.7087878228529639 22
1718124487039 0.7092904273119772 23
1718124493471 0.7065863942970401 24
1718124499645 0.7072796577252216 25
1718124505799 0.7068821996542978 26
1718124511957 0.703086611230551 27
1718124518116 0.7045345573876955 28
1718124524324 0.7039599906398643 29
1718124530668 0.7042476868037111 30
1718124536892 0.7018472456043552 31
1718124543084 0.7008222595134878 32
1718124549243 0.7006590694466733 33
1718124555467 0.6989983481742581 34
1718124561658 0.6984380032890332 35
1718124567845 0.6981646427364083 36
1718124574156 0.6972093378997738 37
1718124580391 0.6969522880563824 38
1718124586647 0.6976326274575654 39
1718124593223 0.6965961192983278 40
1718124599996 0.6969696254648777 41
1718124610208 0.6956367641224624 42
1718124617309 0.6949002603011102 43
1718124624481 0.6946783417037555 44
1718124630937 0.6934344681523601 45
1718124637428 0.6934286753490845 46
1718124644640 0.6933639486846717 47
1718124650988 0.6937283032244037 48
1718124657349 0.6935738107154829 49
1718124663709 0.6912522128094798 50
1718124670104 0.6922480780052842 51
1718124676452 0.6902653531906027 52
1718124682785 0.6909881684905994 53
1718124689448 0.6903534671812324 54
1718124695766 0.690903834397008 55
1718124702309 0.6889226740654211 56
1718124708723 0.6909221871206479 57
1718124715074 0.6892262972104624 58
1718124721408 0.6883336813275859 59
1718124727645 0.6888084055288978 60
1718124733962 0.6873680541974417 61
1718124740246 0.6877572534154661 62
1718124746504 0.6882881534210643 63
1718124752747 0.687198208633417 64
1718124758985 0.6865748926904631 65
1718124765221 0.6884151625892391 66
1718124771443 0.6868863763368648 67
1718124777668 0.6865111391829408 68
1718124783890 0.684942029462838 69
1718124790223 0.6852104174239295 70
1718124796462 0.6845511944952959 71
1718124802888 0.6844292379776884 72
1718124809059 0.6831122963972713 73
1718124815260 0.6845225471980083 74
1718124821448 0.6834407225251198 75
1718124827672 0.6834825366642905 76
1718124834207 0.6841439914351665 77
1718124840460 0.6828581969837965 78
1718124846665 0.6816194927470284 79
1718124852871 0.6825658849307469 80
1718124859062 0.6829800396139577 81
1718124865270 0.6835524114947882 82
1718124871566 0.6815300629190777 83
1718124877787 0.6830661289440179 84
