1718130329788 0.5017479122159643 0
1718130338796 0.5072829675665178 1
1718130347728 0.5099048358904642 2
1718130357313 0.5135948727908332 3
1718130367172 0.5125267042144106 4
1718130376834 0.5136919790250534 5
1718130385272 0.5195183530782677 6
1718130392697 0.5220431151679937 7
1718130401138 0.5239852398523985 8
1718130408847 0.5256360458341426 9
1718130416460 0.5279665954554282 10
1718130424686 0.5296174014371723 11
1718130432625 0.5320450572926781 12
1718130440427 0.535249563021946 13
1718130448060 0.5369003690036901 14
1718130456513 0.5345698193824043 15
1718130468714 0.538939599922315 16
1718130477363 0.5386482812196544 17
1718130487602 0.5434064866964459 18
1718130500108 0.5404932996698388 19
1718130510531 0.5444746552728685 20
1718130519109 0.5435035929306662 21
1718130527598 0.5462225674888328 22
1718130536051 0.5439891241017674 23
1718130543869 0.5444746552728685 24
1718130552446 0.5443775490386483 25
1718130560715 0.546708098659934 26
1718130569652 0.5456399300835114 27
1718130578740 0.5469994173625947 28
1718130587055 0.548358904641678 29
1718130595770 0.5488444358127792 30
1718130605569 0.5436006991648864 31
1718130614469 0.5473878422994757 32
1718130622956 0.5431151679937852 33
1718130632344 0.5469994173625947 34
1718130641530 0.5454457176150709 35
1718130650441 0.5480675859390173 36
1718130660926 0.5485531171101184 37
1718130671063 0.5484560108758982 38
1718130680093 0.5493299669838804 39
1718130688661 0.5461254612546126 40
1718130696359 0.5486502233443387 41
1718130703964 0.548747329578559 42
1718130711505 0.5474849485336959 43
1718130719552 0.5500097106234221 44
1718130727105 0.5486502233443387 45
1718130735591 0.5469023111283744 46
