1718130329245 0.7430943849479189 0
1718130338368 0.733314973041878 1
1718130347250 0.724809649475613 2
1718130356794 0.7201808607263595 3
1718130366726 0.7167930121747603 4
1718130376242 0.7135695571669881 5
1718130384607 0.7118392639000963 6
1718130392239 0.7081019659497723 7
1718130400735 0.7056655015634454 8
1718130408454 0.703210221823328 9
1718130416053 0.7013912466094361 10
1718130424306 0.6990299533520427 11
1718130432198 0.6987868409534419 12
1718130440022 0.6970044785404798 13
1718130447676 0.69636718674291 14
1718130455944 0.6946482872648269 15
1718130468167 0.6915629374684754 16
1718130476767 0.6921661662759248 17
1718130486998 0.6912206173035669 18
1718130499424 0.6894957355645873 19
1718130510130 0.6887490673002249 20
1718130518727 0.6880590585262879 21
1718130527143 0.6869169856820788 22
1718130535647 0.6868649025603851 23
1718130543461 0.685395401734743 24
1718130552050 0.6856183403212092 25
1718130560240 0.6849633070715466 26
1718130569259 0.6841514605265226 27
1718130578217 0.6831181970719965 28
1718130586638 0.6844627234321203 29
1718130595264 0.6826129552000058 30
1718130604876 0.6823699775597324 31
1718130613968 0.6828657595082099 32
1718130622478 0.6816974896821917 33
1718130631837 0.6813446797014023 34
1718130641059 0.6800193313208426 35
1718130650009 0.6799425902018635 36
1718130660255 0.6800488847660722 37
1718130670338 0.6792691300466934 38
1718130679696 0.678812943167568 39
1718130688196 0.6787696291478524 40
1718130695966 0.6791550864158951 41
1718130703571 0.6781289769533259 42
1718130711112 0.6777538285122154 43
1718130719160 0.6770598430718694 44
1718130726703 0.6763166347923486 45
1718130735170 0.677614466327688 46
