1718103181659 0.6903290160416816 0
1718103189269 0.681498131674269 1
1718103196233 0.6651702063701908 2
1718103201695 0.6152083532919425 3
1718103207221 0.5219665968917911 4
1718103212272 0.41529398552656915 5
1718103217704 0.31932203269199183 6
1718103222757 0.2411169647933302 7
1718103228870 0.18659854686301294 8
1718103234615 0.15007538886694527 9
1718103239657 0.12600194456804867 10
1718103244818 0.10295716662361917 11
1718103250027 0.09470441311931162 12
1718103258253 0.08283530242941038 13
1718103263959 0.0707778618858096 14
1718103269067 0.06747975286316149 15
1718103273786 0.060904902547895434 16
1718103278418 0.05702610438812874 17
1718103283226 0.048956909887141964 18
1718103287991 0.04737227089149568 19
1718103292970 0.05117080747350086 20
1718103298200 0.04154554718020929 21
1718103303051 0.04229732123597652 22
1718103307855 0.03812162473553579 23
1718103312628 0.03447774165398407 24
