1718128401369 0.5041755680714702 0
1718128410003 0.5082540299087202 1
1718128418055 0.5097106234220237 2
1718128425470 0.5156341037094582 3
1718128432944 0.5187415032045057 4
1718128440443 0.5198096717809283 5
1718128447334 0.5202952029520295 6
1718128454838 0.5236939211497378 7
1718128463132 0.5197125655467081 8
1718128470683 0.5243736647892795 9
1718128477990 0.524179452320839 10
1718128484455 0.5256360458341426 11
1718128490857 0.5275781705185473 12
1718128497280 0.5268984268790057 13
1718128503735 0.527869489221208 14
1718128510141 0.5291318702660711 15
1718128516518 0.5291318702660711 16
1718128523402 0.5323363759953389 17
1718128530955 0.5353466692561663 18
1718128539068 0.5338900757428627 19
1718128546492 0.5337929695086424 20
1718128554368 0.5331132258691008 21
1718128566578 0.5348611380850651 22
1718128574965 0.5358322004272674 23
1718128582906 0.5341813944455234 24
1718128591020 0.5381627500485531 25
1718128601225 0.539328024859196 26
1718128609498 0.5377743251116722 27
1718128620664 0.5386482812196544 28
1718128633516 0.5406875121382793 29
1718128642228 0.5419498931831424 30
1718128651020 0.5418527869489221 31
1718128658246 0.5400077684987377 32
1718128665639 0.5422412118858031 33
1718128673218 0.5412701495436008 34
1718128681039 0.5404932996698388 35
1718128688715 0.5407846183724995 36
1718128697447 0.5402019809671781 37
1718128704468 0.5403961934356186 38
1718128711343 0.5394251310934162 39
1718128718515 0.5392309186249757 40
1718128725299 0.5416585744804816 41
1718128732133 0.5402019809671781 42
1718128739053 0.5412701495436008 43
1718128745928 0.5416585744804816 44
1718128752540 0.5412701495436008 45
1718128759009 0.541367255777821 46
1718128765452 0.5424354243542435 47
1718128772401 0.5411730433093804 48
1718128778874 0.541367255777821 49
1718128785294 0.543018061759565 50
1718128791689 0.5407846183724995 51
1718128798161 0.5416585744804816 52
1718128804666 0.5421441056515829 53
1718128811061 0.5419498931831424 54
1718128817465 0.5424354243542435 55
1718128823997 0.543018061759565 56
1718128831083 0.5435035929306662 57
1718128837631 0.54097883084094 58
1718128844664 0.539328024859196 59
1718128851132 0.5394251310934162 60
1718128858368 0.540590405904059 61
1718128864803 0.5418527869489221 62
1718128871307 0.5425325305884637 63
1718128882830 0.5428238492911245 64
1718128891083 0.5418527869489221 65
1718128898244 0.5443775490386483 66
1718128905326 0.54097883084094 67
1718128911994 0.5428238492911245 68
1718128918739 0.5383569625169936 69
1718128925227 0.5436978053991066 70
1718128932179 0.5425325305884637 71
1718128938877 0.5443775490386483 72
1718128945363 0.5437949116333268 73
1718128951840 0.5428238492911245 74
1718128958324 0.5429209555253447 75
1718128964780 0.5410759370751602 76
1718128971204 0.5418527869489221 77
1718128977707 0.541367255777821 78
1718128984703 0.5437949116333268 79
1718128992098 0.5450572926781899 80
1718128999203 0.5433093804622257 81
1718129006071 0.5441833365702078 82
1718129013436 0.5426296368226841 83
1718129019886 0.5443775490386483 84
1718129026371 0.5433093804622257 85
1718129033646 0.5455428238492911 86
