1718128400796 0.766080197340213 0
1718128409564 0.7520486865632282 1
1718128417494 0.7430472672911164 2
1718128424931 0.7371822433164401 3
1718128432599 0.7267445170361063 4
1718128439988 0.7257516343401086 5
1718128446906 0.7212162135365587 6
1718128454257 0.7150051337406502 7
1718128462707 0.7158875043347755 8
1718128470337 0.7105652291952453 9
1718128477602 0.7099098784397848 10
1718128484102 0.7078010425064134 11
1718128490496 0.7052310750073527 12
1718128496954 0.703895091594006 13
1718128503390 0.7009871569664582 14
1718128509781 0.7010106938133328 15
1718128516181 0.6983806018873772 16
1718128522771 0.6969960632253878 17
1718128530421 0.6958587683320786 18
1718128538633 0.6949412571902601 19
1718128546091 0.6936612012130874 20
1718128553192 0.6913282925853078 21
1718128566216 0.6911401152610779 22
1718128574462 0.691751653640907 23
1718128582475 0.6904191370613827 24
1718128590580 0.6906878305425556 25
1718128600768 0.6898221937673432 26
1718128608861 0.6894116897297942 27
1718128618993 0.6883695281532981 28
1718128632396 0.6872412384667012 29
1718128641799 0.6872869136725893 30
1718128650643 0.6871920773609085 31
1718128657664 0.6849563615570157 32
1718128665262 0.686309241683957 33
1718128672758 0.6854004882137228 34
1718128680647 0.685081192008827 35
1718128688287 0.6840168349676251 36
1718128696701 0.683424925165517 37
1718128704075 0.6828849267515337 38
1718128710950 0.6818128035675665 39
1718128718052 0.6829483932497339 40
1718128724922 0.68319308295013 41
1718128731772 0.6829331594039194 42
1718128738501 0.6815457189027567 43
1718128745568 0.68156584245818 44
1718128752132 0.6816839076439787 45
1718128758663 0.6814376410120022 46
1718128765106 0.6805351498704519 47
1718128772014 0.6810546482201689 48
1718128778528 0.680902655311623 49
1718128784947 0.6802222321029776 50
1718128791328 0.679524031762751 51
1718128797784 0.6797640411565022 52
1718128804321 0.6797382554374867 53
1718128810716 0.680474047473869 54
1718128817120 0.6797730244279648 55
1718128823635 0.6794709669229406 56
1718128830721 0.6792272085913961 57
1718128837269 0.6791052251869107 58
1718128844298 0.6787029058666703 59
1718128850771 0.6789369841354974 60
1718128858017 0.6780273244710442 61
1718128864458 0.6784659853170377 62
1718128870911 0.6781905562333439 63
1718128882484 0.6773258152400484 64
1718128890439 0.6773241254853906 65
1718128897898 0.6779128797583699 66
1718128904980 0.6781858724559316 67
1718128911492 0.6768234152323711 68
1718128918394 0.6781467526966001 69
1718128924882 0.6776176771114332 70
1718128931613 0.6767672603915197 71
1718128938530 0.6774344933884484 72
1718128945033 0.6762467354813718 73
1718128951489 0.6765860569495592 74
1718128957979 0.6762447193357515 75
1718128964434 0.6767594377446619 76
1718128970859 0.6763948703774755 77
1718128977361 0.6764048639199008 78
1718128984324 0.676723740670992 79
1718128991666 0.6761467892283238 80
1718128998810 0.676289709412163 81
1718129005726 0.675588190786957 82
1718129013075 0.6747400642644544 83
1718129019557 0.6758925658853158 84
1718129026025 0.6757280731700962 85
1718129033014 0.6767307285288846 86
