1718107861302 0.7542532181240017 0
1718107868205 0.7473696672953434 1
1718107874630 0.7401125214947677 2
1718107881338 0.7303447893224888 3
1718107887722 0.7273571759184695 4
1718107894036 0.72548269776639 5
1718107900916 0.7183051278687412 6
1718107907025 0.7167962574347946 7
1718107913472 0.7140206613618395 8
1718107920207 0.7129408988800848 9
1718107927074 0.7100260037905681 10
1718107934285 0.7109901958741016 11
1718107940731 0.7097688886041967 12
1718107947303 0.7094809751240363 13
1718107953134 0.7096385643904254 14
1718107961528 0.7083164232302896 15
1718107970110 0.7081439278510787 16
1718107979188 0.7075098001438639 17
1718107986596 0.7063093663465162 18
1718107993769 0.7075178712976645 19
1718108000268 0.7081716408640701 20
1718108007231 0.7065100069649471 21
1718108013805 0.7094997125012534 22
1718108020336 0.7075175595764788 23
1718108027698 0.7079927248429068 24
1718108034154 0.707091962236055 25
1718108040839 0.7074076856793083 26
1718108047399 0.7086261314172182 27
