1718129507706 0.5037871431345893 0
1718129516203 0.5102932608273452 1
1718129524021 0.512720916682851 2
1718129531256 0.5176733346280831 3
1718129538121 0.5178675470965236 4
1718129544888 0.5189357156729462 5
1718129551717 0.5248591959603807 6
1718129558575 0.5268013206447854 7
1718129565385 0.5289376577976306 8
1718129573246 0.5289376577976306 9
1718129580358 0.5314624198873568 10
1718129587160 0.531559526121577 11
1718129594132 0.5323363759953389 12
1718129600866 0.5322392697611187 13
1718129607366 0.533598757040202 14
1718129614229 0.5320450572926781 15
1718129621071 0.536026412895708 16
1718129627619 0.5361235191299282 17
1718129634185 0.5364148378325888 18
1718129640685 0.5363177315983686 19
1718129647377 0.5357350941930472 20
1718129653949 0.5354437754903865 21
1718129660463 0.539328024859196 22
1718129667138 0.5368032627694698 23
1718129673595 0.5380656438143329 24
1718129680035 0.539328024859196 25
1718129686504 0.5402990872013983 26
1718129693412 0.5402990872013983 27
1718129699823 0.5401048747329579 28
1718129706279 0.5400077684987377 29
1718129712635 0.539328024859196 30
1718129719063 0.5412701495436008 31
1718129726925 0.5392309186249757 32
1718129733910 0.5414643620120412 33
1718129740343 0.541367255777821 34
1718129746769 0.5427267430569043 35
1718129754222 0.5434064866964459 36
1718129762523 0.5436978053991066 37
1718129768980 0.541367255777821 38
1718129775331 0.5435035929306662 39
1718129781874 0.5445717615070887 40
1718129788484 0.5445717615070887 41
1718129794848 0.5445717615070887 42
1718129801171 0.5458341425519518 43
1718129807489 0.5470965235968149 44
1718129813839 0.5451543989124101 45
1718129820120 0.5469994173625947 46
1718129826430 0.5457370363177316 47
1718129832729 0.5473878422994757 48
1718129839074 0.5471936298310351 49
1718129845608 0.5481646921732375 50
1718129851971 0.548747329578559 51
1718129858379 0.5515634103709458 52
1718129864883 0.5457370363177316 53
1718129871217 0.5491357545154399 54
1718129877605 0.5492328607496602 55
1718129884139 0.5501068168576423 56
1718129890511 0.5490386482812196 57
1718129896984 0.5501068168576423 58
1718129903356 0.5499126043892018 59
1718129909751 0.5485531171101184 60
1718129916113 0.5497183919207613 61
1718129922502 0.5515634103709458 62
1718129929613 0.5481646921732375 63
1718129936975 0.5500097106234221 64
1718129943432 0.5501068168576423 65
1718129950885 0.5484560108758982 66
1718129957387 0.5503981355603029 67
1718129964011 0.5517576228393863 68
1718129970687 0.5497183919207613 69
1718129977191 0.5500097106234221 70
1718129984101 0.5478733734705769 71
1718129990612 0.5503010293260827 72
1718129997084 0.5480675859390173 73
1718130004329 0.5506894542629637 74
1718130010768 0.548747329578559 75
1718130018426 0.5481646921732375 76
1718130026606 0.5494270732181006 77
1718130033866 0.5493299669838804 78
1718130041797 0.5493299669838804 79
1718130049999 0.5476791610021363 80
1718130058167 0.5491357545154399 81
1718130066222 0.5505923480287435 82
1718130074298 0.5482617984074578 83
