1718129507154 0.759894162462735 0
1718129515768 0.7468863302691383 1
1718129523660 0.7391593318825923 2
1718129530900 0.733426417808355 3
1718129537760 0.7278353388635268 4
1718129544526 0.7239343486957669 5
1718129551369 0.7208319481300272 6
1718129558155 0.7168526628650493 7
1718129565031 0.7115423310524929 8
1718129572173 0.7089307775130923 9
1718129580001 0.7082010251672372 10
1718129586801 0.7055892155314825 11
1718129593598 0.7033123596577171 12
1718129600521 0.7009524661376609 13
1718129607025 0.6992258558177059 14
1718129613607 0.6977702270475974 15
1718129620710 0.6962515093987773 16
1718129627262 0.6950817519093152 17
1718129633839 0.6934635019080239 18
1718129640345 0.6927892647637344 19
1718129646937 0.692111607247628 20
1718129653603 0.6921950900776787 21
1718129660124 0.6904749578755834 22
1718129666795 0.6890920847654343 23
1718129673252 0.6890706292220524 24
1718129679705 0.6884370190293893 25
1718129686161 0.6878472421757923 26
1718129693070 0.6871686927650286 27
1718129699477 0.6871423613025535 28
1718129705933 0.6862867631897422 29
1718129712299 0.6863346558920345 30
1718129718686 0.6839618569482928 31
1718129726429 0.6849077499431112 32
1718129733590 0.6837208532028317 33
1718129739997 0.6827797586133021 34
1718129746282 0.6818457501737968 35
1718129753660 0.6820315973173757 36
1718129762177 0.6820003452786008 37
1718129768556 0.6816309446133442 38
1718129774982 0.6811991526936152 39
1718129781544 0.6804390951805974 40
1718129788122 0.6800608558591849 41
1718129794517 0.6802787963555467 42
1718129800818 0.6794185718024 43
1718129807134 0.6802580419071713 44
1718129813494 0.6786243083036464 45
1718129819790 0.6782064053767957 46
1718129826089 0.6788753071186705 47
1718129832384 0.6788224992081986 48
1718129838716 0.6780357453856409 49
1718129845173 0.6782995663722109 50
1718129851641 0.6771785171690935 51
1718129858034 0.6764669820943975 52
1718129864524 0.6763538579392877 53
1718129870879 0.6769940823038912 54
1718129877232 0.6758491759714873 55
1718129883793 0.6760316529999608 56
1718129890155 0.6764343143064783 57
1718129896638 0.6752293923904437 58
1718129903030 0.6746043449510699 59
1718129909405 0.6745027271764619 60
1718129915768 0.6745383876913823 61
1718129922161 0.6741190611483148 62
1718129929005 0.67388151835951 63
1718129936629 0.672976748312112 64
1718129943086 0.6731695789172782 65
1718129950539 0.6730886591332299 66
1718129957017 0.6726198025186609 67
1718129963652 0.6722478290892536 68
1718129970348 0.672428411634072 69
1718129976845 0.6727894856970503 70
1718129983738 0.6720597301118122 71
1718129990257 0.6721514709617781 72
1718129996739 0.6714704796116545 73
1718130003987 0.6705462078315131 74
1718130010439 0.6707171354419696 75
1718130017870 0.6725451701916523 76
1718130026208 0.6711421178549714 77
1718130033480 0.6694191945080431 78
1718130041110 0.6700562183623728 79
1718130049561 0.6690559023933381 80
1718130057598 0.6701963089452767 81
1718130065733 0.6705481347089969 82
1718130073783 0.669240289732166 83
