1718130818665 0.5004855311711012 0
1718130826742 0.503690036900369 1
1718130834428 0.5067974363954166 2
1718130842860 0.5037871431345893 3
1718130851740 0.5109730044668868 4
1718130859411 0.5149543600699165 5
1718130867021 0.5164109535832201 6
1718130874935 0.5157312099436784 7
1718130882254 0.5226257525733152 8
1718130889681 0.5233054962128568 9
1718130897455 0.5239852398523985 10
1718130904810 0.5294231889687318 11
1718130913249 0.5256360458341426 12
1718130921196 0.5281608079238687 13
1718130928571 0.5297145076713925 14
1718130936317 0.5292289765002913 15
1718130943657 0.5324334822295591 16
1718130951336 0.533598757040202 17
1718130958899 0.5351524567877257 18
1718130966585 0.535637987958827 19
1718130973909 0.5366090503010293 20
1718130981250 0.5384540687512138 21
1718130988589 0.5392309186249757 22
1718130995942 0.5403961934356186 23
1718131003283 0.5416585744804816 24
1718131010618 0.5427267430569043 25
1718131017983 0.5415614682462614 26
1718131025305 0.543018061759565 27
1718131032641 0.5454457176150709 28
1718131039995 0.5454457176150709 29
1718131047417 0.5455428238492911 30
1718131054774 0.546319673723053 31
1718131062103 0.5454457176150709 32
1718131069527 0.5472907360652554 33
1718131076920 0.548358904641678 34
1718131084281 0.5480675859390173 35
1718131091887 0.548747329578559 36
1718131099273 0.5479704797047971 37
1718131106626 0.5481646921732375 38
1718131114092 0.5479704797047971 39
1718131121655 0.5484560108758982 40
1718131129735 0.5475820547679161 41
1718131137892 0.548747329578559 42
1718131145441 0.5474849485336959 43
1718131152949 0.5506894542629637 44
1718131160949 0.5479704797047971 45
1718131168449 0.5498154981549815 46
1718131176034 0.5506894542629637 47
1718131183515 0.5505923480287435 48
1718131191088 0.5493299669838804 49
1718131198605 0.5496212856865411 50
1718131206191 0.548358904641678 51
1718131214393 0.5499126043892018 52
1718131221952 0.5518547290736066 53
1718131229419 0.5503981355603029 54
1718131236924 0.5514663041367256 55
1718131244483 0.5517576228393863 56
1718131251950 0.5506894542629637 57
1718131259458 0.5519518353078268 58
1718131267076 0.5515634103709458 59
1718131274521 0.5515634103709458 60
1718131282479 0.5519518353078268 61
1718131289993 0.5508836667314042 62
1718131297791 0.5521460477762672 63
1718131305665 0.5507865604971839 64
1718131313134 0.5506894542629637 65
1718131320539 0.5503010293260827 66
1718131328410 0.5505923480287435 67
1718131335847 0.5524373664789279 68
1718131343760 0.5515634103709458 69
1718131351132 0.5518547290736066 70
1718131358594 0.5526315789473685 71
1718131367326 0.5517576228393863 72
1718131375360 0.5514663041367256 73
1718131383705 0.5513691979025054 74
1718131391183 0.5509807729656244 75
1718131398791 0.5524373664789279 76
1718131406252 0.5512720916682851 77
1718131413765 0.5515634103709458 78
1718131421291 0.5514663041367256 79
1718131428959 0.5517576228393863 80
1718131437482 0.5507865604971839 81
1718131445514 0.5512720916682851 82
1718131453073 0.5513691979025054 83
1718131460598 0.551660516605166 84
1718131468205 0.5514663041367256 85
1718131475745 0.5518547290736066 86
1718131483253 0.5518547290736066 87
1718131490782 0.5506894542629637 88
1718131498798 0.5508836667314042 89
1718131506868 0.5503981355603029 90
1718131514367 0.5499126043892018 91
1718131521859 0.5501068168576423 92
1718131529401 0.5502039230918625 93
1718131536851 0.5509807729656244 94
1718131544339 0.5503010293260827 95
1718131551778 0.5505923480287435 96
1718131559411 0.5504952417945232 97
1718131567249 0.5501068168576423 98
1718131574710 0.5505923480287435 99
1718131582644 0.5494270732181006 100
1718131590537 0.5502039230918625 101
1718131597869 0.548747329578559 102
1718131605687 0.5504952417945232 103
