1718130818132 0.8116627608119331 0
1718130826365 0.793823911721662 1
1718130834048 0.7789916968123513 2
1718130842381 0.7655121653994418 3
1718130851378 0.7540080052169954 4
1718130859019 0.7486837393841388 5
1718130866645 0.7432932630644081 6
1718130874548 0.7334493728157896 7
1718130881892 0.7274563797975179 8
1718130889288 0.721943436294609 9
1718130897031 0.7183985909134705 10
1718130904449 0.7137439747497162 11
1718130912825 0.7095900203870691 12
1718130920756 0.7060613467456391 13
1718130928192 0.7035945411424459 14
1718130935956 0.7020868616907493 15
1718130943279 0.6999503981252635 16
1718130950959 0.6976558526758081 17
1718130958365 0.6974856255587584 18
1718130966207 0.6959520016582856 19
1718130973532 0.6934114906080762 20
1718130980888 0.693537664802178 21
1718130988228 0.6921236346134488 22
1718130995565 0.690096339731483 23
1718131002900 0.689522379673786 24
1718131010251 0.6895123218064723 25
1718131017607 0.6888155707198641 26
1718131024929 0.6884808444551059 27
1718131032279 0.6870239566294303 28
1718131039633 0.6870807067762991 29
1718131047054 0.6862553860182348 30
1718131054391 0.6861223222583718 31
1718131061731 0.6848682000862886 32
1718131069118 0.6845103526337547 33
1718131076552 0.6844234001007139 34
1718131083919 0.6843172338623438 35
1718131091509 0.6837369601548828 36
1718131098910 0.6833832409255993 37
1718131106249 0.6828429938658424 38
1718131113723 0.6835766947880295 39
1718131121278 0.6827338464234186 40
1718131129358 0.6823323344499428 41
1718131137515 0.6817366684908452 42
1718131145063 0.6816822016924065 43
1718131152540 0.6816369259024259 44
1718131160549 0.6817815529633753 45
1718131168075 0.6810802695173654 46
1718131175656 0.6814264713884881 47
1718131183148 0.6806857450315671 48
1718131190710 0.6809495319583401 49
1718131198215 0.6800909265875816 50
1718131205814 0.6814351292870799 51
1718131214000 0.6801300616182896 52
1718131221559 0.6797777132032821 53
1718131229020 0.6793850751026816 54
1718131236533 0.6796660040106092 55
1718131244106 0.6796153715771177 56
1718131251573 0.67902802652824 57
1718131259081 0.679086822391667 58
1718131266683 0.6790608616071458 59
1718131274133 0.678549741227064 60
1718131282086 0.6791411910368048 61
1718131289616 0.6789895724158109 62
1718131297382 0.6776163588214364 63
1718131305286 0.6777916961112378 64
1718131312749 0.6784420619192331 65
1718131320162 0.678119639941254 66
1718131328018 0.678025541329606 67
1718131335459 0.6775084809394356 68
1718131343383 0.6772155772825206 69
1718131350755 0.6778364162545026 70
1718131358187 0.6773349380363589 71
1718131366926 0.6773136213236715 72
1718131374976 0.6767382815202571 73
1718131383328 0.6768318771945764 74
1718131390789 0.6767361424169185 75
1718131398414 0.6761530081492774 76
1718131405875 0.6761103551950514 77
1718131413372 0.675167819774299 78
1718131420914 0.6762431566574558 79
1718131428565 0.6753454861341056 80
1718131437090 0.6762369660116871 81
1718131445138 0.6763499213023956 82
1718131452679 0.6759108278136816 83
1718131460219 0.6752761726886589 84
1718131467797 0.6750949528183996 85
1718131475369 0.67503935950143 86
1718131482878 0.6748978567789801 87
1718131490388 0.6747536520872798 88
1718131498425 0.67493459623978 89
1718131506491 0.6752671528584469 90
1718131513986 0.6746881589848802 91
1718131521470 0.674937818916688 92
1718131529008 0.6737760768636413 93
1718131536473 0.6737545886024925 94
1718131543954 0.6740069141299088 95
1718131551401 0.6738691584016225 96
1718131559019 0.6744775748493509 97
1718131566870 0.6733124863286937 98
1718131574332 0.6734341737924155 99
1718131582267 0.6732846482755235 100
1718131590143 0.6731019924793925 101
1718131597507 0.6736207753419876 102
1718131605298 0.673923889672534 103
