1718129093184 0.5329190134006603 0
1718129100743 0.5408817246067198 1
1718129107907 0.5470965235968149 2
1718129114583 0.5469023111283744 3
1718129121352 0.5506894542629637 4
1718129128607 0.5508836667314042 5
1718129135447 0.5498154981549815 6
1718129142020 0.5501068168576423 7
1718129149136 0.5506894542629637 8
1718129156262 0.5522431540104875 9
1718129163630 0.5498154981549815 10
1718129170309 0.5515634103709458 11
1718129176930 0.5518547290736066 12
1718129183490 0.5491357545154399 13
1718129190137 0.5436006991648864 14
1718129197292 0.5425325305884637 15
1718129203860 0.5418527869489221 16
1718129210906 0.5434064866964459 17
1718129218100 0.5432122742280054 18
1718129225035 0.5424354243542435 19
1718129231988 0.5422412118858031 20
1718129239468 0.543018061759565 21
