1718129092629 0.7301353016717834 0
1718129100382 0.7017872596379393 1
1718129107470 0.6907857546339864 2
1718129114222 0.6867626865643152 3
1718129120943 0.6825233594230984 4
1718129128246 0.6799147744541583 5
1718129135102 0.6784623864552249 6
1718129141675 0.6760653815932155 7
1718129148791 0.6738133754882013 8
1718129155838 0.6725294216079001 9
1718129163284 0.669648985083429 10
1718129169963 0.6678463689381291 11
1718129176578 0.6650873350430719 12
1718129183152 0.6619596744176024 13
1718129189743 0.6596518133923134 14
1718129196936 0.6570251271683977 15
1718129203499 0.6539959460496902 16
1718129210529 0.6520273967050247 17
1718129217754 0.6482927683995378 18
1718129224688 0.6450780257582664 19
1718129231643 0.6429204189490457 20
1718129239131 0.6384278147348336 21
