1718125193819 0.488929889298893 0
1718125201045 0.4899980578753156 1
1718125207549 0.48766750825402994 2
1718125214732 0.49407651971256555 3
1718125221126 0.49514468828898817 4
1718125227513 0.4974752379102738 5
1718125233922 0.5005826374053214 6
1718125240317 0.5019421246844047 7
1718125246699 0.5006797436395417 8
1718125253805 0.5033016119634881 9
1718125260247 0.5069916488638571 10
1718125266499 0.5079627112060594 11
1718125272518 0.5090308797824821 12
1718125278536 0.5117498543406487 13
1718125284632 0.5109730044668868 14
1718125290641 0.5137890852592737 15
1718125296653 0.5139832977277141 16
1718125302681 0.5154398912410176 17
1718125308699 0.5138861914934939 18
1718125315423 0.5186443969702855 19
1718125321565 0.5179646533307438 20
1718125328019 0.5231112837444164 21
1718125334076 0.520100990483589 22
1718125340111 0.5242765585550593 23
1718125346111 0.5212662652942319 24
1718125352117 0.5231112837444164 25
1718125358190 0.5211691590600116 26
1718125364221 0.5264128957079044 27
1718125370222 0.525830258302583 28
1718125376239 0.5299087201398329 29
1718125382304 0.5276752767527675 30
1718125388354 0.5272868518158865 31
1718125394646 0.5321421635268985 32
1718125400829 0.5301029326082735 33
1718125406888 0.5296174014371723 34
1718125412960 0.5319479510584579 35
1718125419409 0.530782676247815 36
1718125425585 0.5331132258691008 37
1718125431901 0.5341813944455234 38
1718125438169 0.5364148378325888 39
1718125444329 0.5342785006797436 40
1718125450502 0.5342785006797436 41
1718125456686 0.5380656438143329 42
1718125462920 0.5381627500485531 43
1718125469144 0.5381627500485531 44
1718125475349 0.5372887939405709 45
1718125481610 0.5361235191299282 46
1718125487890 0.5394251310934162 47
1718125494176 0.5394251310934162 48
1718125501250 0.538939599922315 49
1718125507572 0.5395222373276365 50
1718125513871 0.5369974752379103 51
1718125520214 0.5378714313458924 52
1718125526528 0.5397164497960769 53
1718125532828 0.5394251310934162 54
1718125539051 0.538939599922315 55
1718125545602 0.5391338123907555 56
1718125551888 0.5404932996698388 57
1718125558793 0.5386482812196544 58
1718125565135 0.5419498931831424 59
1718125571369 0.5414643620120412 60
1718125577564 0.5416585744804816 61
1718125584319 0.541367255777821 62
1718125590640 0.5420469994173626 63
1718125596851 0.5441833365702078 64
1718125603041 0.5421441056515829 65
1718125609354 0.5401048747329579 66
1718125615627 0.5398135560302971 67
1718125621848 0.5395222373276365 68
1718125628055 0.5427267430569043 69
1718125634247 0.5453486113808507 70
1718125640469 0.5424354243542435 71
1718125646671 0.5438920178675472 72
1718125652848 0.5397164497960769 73
1718125659048 0.5427267430569043 74
1718125665239 0.5425325305884637 75
1718125671414 0.5403961934356186 76
1718125677732 0.5407846183724995 77
1718125684510 0.5424354243542435 78
1718125690786 0.5422412118858031 79
1718125697097 0.5394251310934162 80
1718125703302 0.5438920178675472 81
1718125709504 0.5427267430569043 82
1718125715772 0.5428238492911245 83
1718125721995 0.5433093804622257 84
1718125728375 0.5440862303359876 85
1718125734740 0.5448630802097495 86
1718125741668 0.5427267430569043 87
1718125747930 0.5447659739755293 88
1718125754620 0.5440862303359876 89
1718125760886 0.5470965235968149 90
1718125767213 0.5453486113808507 91
1718125773957 0.5461254612546126 92
1718125780201 0.5468052048941542 93
1718125786456 0.5453486113808507 94
1718125792759 0.5450572926781899 95
1718125799984 0.5478733734705769 96
1718125806693 0.5469994173625947 97
1718125814364 0.5479704797047971 98
1718125820643 0.5480675859390173 99
1718125827416 0.5468052048941542 100
1718125837397 0.5461254612546126 101
1718125849032 0.544280442804428 102
