1718125193270 0.7878400368720108 0
1718125200656 0.7583571593768849 1
1718125207220 0.7468844868289017 2
1718125214388 0.7433419736645976 3
1718125220781 0.7385072288861186 4
1718125227168 0.7367051020264626 5
1718125233577 0.7302822349882274 6
1718125239987 0.7297864502631359 7
1718125246369 0.7272592392859992 8
1718125253428 0.7245522468171505 9
1718125259886 0.7236968584775184 10
1718125266153 0.7204637730158634 11
1718125272203 0.717976564020844 12
1718125278222 0.7170221120211648 13
1718125284287 0.7168191806037233 14
1718125290307 0.7135956755706242 15
1718125296321 0.7123904976045122 16
1718125302351 0.7111273180253758 17
1718125308369 0.7091676231867038 18
1718125314992 0.7109212019243596 19
1718125321205 0.7089555942864152 20
1718125327687 0.7054628545638197 21
1718125333730 0.706401908943742 22
1718125339775 0.7038785210399894 23
1718125345781 0.7053620470976978 24
1718125351790 0.7036653813090383 25
1718125357861 0.7038201764688728 26
1718125363891 0.7022388725084547 27
1718125369910 0.701763105318413 28
1718125375909 0.7018017254260757 29
1718125381974 0.699984068224519 30
1718125388008 0.6997755600243621 31
1718125394306 0.7003815657696368 32
1718125400452 0.6976412510186989 33
1718125406549 0.6990307184479991 34
1718125412614 0.6984871359345335 35
1718125419054 0.6974455279685696 36
1718125425255 0.697441558382526 37
1718125431555 0.6959002756091378 38
1718125437840 0.6955565825937697 39
1718125443998 0.6969103910815642 40
1718125450157 0.6960863509441014 41
1718125456341 0.6939059155790702 42
1718125462575 0.6952763599638613 43
1718125468782 0.6946650602339958 44
1718125475003 0.6933139661639374 45
1718125481257 0.6938744788954717 46
1718125487529 0.6918077972827491 47
1718125493815 0.6922795344491183 48
1718125500896 0.6914158101129976 49
1718125507204 0.6916319674679211 50
1718125513509 0.6908218656082331 51
1718125519853 0.6899859130567645 52
1718125526183 0.6896479081200517 53
1718125532466 0.689728241020478 54
1718125538705 0.6898559548007035 55
1718125545256 0.6894361982989755 56
1718125551495 0.6896384385246668 57
1718125558428 0.6884867356893438 58
1718125564778 0.6882284598320908 59
1718125570997 0.6878127715787532 60
1718125577218 0.6887812072075672 61
1718125583951 0.6867011692027868 62
1718125590288 0.6865622481296522 63
1718125596490 0.6861638278231857 64
1718125602694 0.6864315766077604 65
1718125608996 0.6865892662024646 66
1718125615281 0.6857219560083395 67
1718125621503 0.6853745574166316 68
1718125627693 0.6846469400091941 69
1718125633906 0.6847745684085426 70
1718125640119 0.6846956634743614 71
1718125646325 0.6844524940163452 72
1718125652498 0.6838322079607418 73
1718125658686 0.6829578552557074 74
1718125664878 0.6827018382201283 75
1718125671068 0.68271561392716 76
1718125677370 0.6829014602840316 77
1718125684117 0.6829984015004235 78
1718125690427 0.6822450311380144 79
1718125696741 0.6826160270605028 80
1718125702952 0.6816332808562687 81
1718125709166 0.6810765286780293 82
1718125715426 0.6816939201599322 83
1718125721633 0.6810201705890413 84
1718125727935 0.6807682437833792 85
1718125734394 0.6796645581814813 86
1718125741307 0.6803714968958257 87
1718125747570 0.6800726439271655 88
1718125754274 0.6799131992811002 89
1718125760525 0.6796442065735041 90
1718125766821 0.67982597625959 91
1718125773597 0.6793265729124501 92
1718125779856 0.6787939724622306 93
1718125786094 0.6779256223336511 94
1718125792335 0.6789714212280623 95
1718125799607 0.6782875683922205 96
1718125806306 0.6778778786429708 97
1718125813937 0.6776139808367498 98
1718125820288 0.6767793413922654 99
1718125826966 0.6780713683699969 100
1718125836252 0.6776186000116123 101
1718125848210 0.6754525783269302 102
