1718122874321 0.5012623810448631 0
1718122881952 0.5054379491163332 1
1718122889799 0.5088366673140415 2
1718122899728 0.5123324917459701 3
1718122910135 0.5138861914934939 4
1718122918376 0.5146630413672558 5
1718122925652 0.5157312099436784 6
1718122932955 0.5189357156729462 7
1718122942057 0.5224315401048747 8
1718122948908 0.5220431151679937 9
1718122955125 0.5227228588075354 10
1718122961537 0.5234997086812974 11
1718122968103 0.5253447271314818 12
1718122974405 0.5226257525733152 13
1718122980927 0.5228199650417557 14
1718122987636 0.5268984268790057 15
1718122994236 0.522140221402214 16
1718123001067 0.5246649834919401 17
1718123007326 0.5276752767527675 18
1718123013983 0.5296174014371723 19
1718123021170 0.5289376577976306 20
1718123028083 0.5291318702660711 21
1718123034667 0.5299087201398329 22
1718123041566 0.530782676247815 23
1718123048371 0.5322392697611187 24
1718123054654 0.5338900757428627 25
1718123060894 0.5318508448242377 26
1718123067113 0.5321421635268985 27
1718123073825 0.530782676247815 28
1718123080027 0.5297145076713925 29
1718123086186 0.5308797824820354 30
1718123092955 0.5336958632744222 31
1718123099695 0.5327248009322199 32
1718123105832 0.5366090503010293 33
1718123111920 0.5343756069139639 34
1718123118040 0.5331132258691008 35
1718123124213 0.5365119440668091 36
1718123130765 0.5358322004272674 37
1718123136869 0.533598757040202 38
1718123143074 0.5391338123907555 39
1718123150186 0.5404932996698388 40
1718123159795 0.5347640318508449 41
1718123168940 0.5343756069139639 42
1718123176640 0.5346669256166245 43
1718123183712 0.5331132258691008 44
1718123190456 0.533987181977083 45
