1718122873565 0.7686592396464407 0
1718122881538 0.7500238654591282 1
1718122889265 0.745098252057659 2
1718122899169 0.7406910346439166 3
1718122909490 0.7387178142711243 4
1718122917965 0.7339902375333057 5
1718122925178 0.731940318431173 6
1718122932327 0.7269321809181516 7
1718122941652 0.72481046797511 8
1718122948546 0.7259389145403915 9
1718122954779 0.7238570990399544 10
1718122961175 0.7198293147527653 11
1718122967757 0.7180388003865384 12
1718122974059 0.7160140944193609 13
1718122980566 0.7169474612296738 14
1718122987243 0.713413277860754 15
1718122993813 0.7124267343130911 16
1718123000721 0.7105928534954231 17
1718123006980 0.7114171489888097 18
1718123013628 0.7096120131589612 19
1718123020803 0.7093844764536212 20
1718123027611 0.707698350228508 21
1718123034306 0.706674694829846 22
1718123041205 0.7072572156509257 23
1718123047853 0.7063207174217478 24
1718123054302 0.70389640470099 25
1718123060549 0.7043510648126928 26
1718123066768 0.7037944142585215 27
1718123073458 0.7031839267807718 28
1718123079682 0.701087328588 29
1718123085841 0.7005561362975132 30
1718123092546 0.7006691983953026 31
1718123099339 0.7004768645263607 32
1718123105483 0.6992637970432731 33
1718123111568 0.699124036831145 34
1718123117647 0.6984349328168431 35
1718123123868 0.6980912588212801 36
1718123130436 0.6973760171058756 37
1718123136492 0.6957892708434081 38
1718123142729 0.6957430641010681 39
1718123149824 0.6957269056428294 40
1718123159085 0.695132302432697 41
1718123167916 0.6961042175752036 42
1718123176254 0.6958482737496773 43
1718123183207 0.6950244141383941 44
1718123190076 0.6964788300835568 45
