1718123934862 0.5100990483589046 0
1718123942987 0.5103903670615654 1
1718123950159 0.5107787919984463 2
1718123957312 0.5156341037094582 3
1718123963726 0.5123324917459701 4
1718123970582 0.5159254224121188 5
1718123977063 0.5137890852592737 6
1718123984593 0.5206836278889104 7
1718123991620 0.5169935909885415 8
1718123999039 0.5161196348805593 9
1718124007703 0.5200038842493688 10
1718124014044 0.5201980967178093 11
1718124020250 0.5217517964653331 12
1718124026645 0.5228199650417557 13
1718124033185 0.5217517964653331 14
1718124039969 0.5222373276364343 15
1718124046240 0.5234997086812974 16
1718124052371 0.520877840357351 17
1718124058505 0.5222373276364343 18
1718124065087 0.5256360458341426 19
1718124071203 0.5289376577976306 20
1718124077411 0.5277723829869878 21
1718124083509 0.5281608079238687 22
1718124089608 0.5227228588075354 23
1718124095689 0.5276752767527675 24
1718124101790 0.5274810642843271 25
1718124107903 0.5302971450767139 26
1718124114013 0.5261215770052438 27
1718124120125 0.5306855700135948 28
1718124126253 0.5283550203923092 29
1718124132858 0.5312682074189163 30
1718124138961 0.530782676247815 31
1718124145037 0.5322392697611187 32
1718124151119 0.5321421635268985 33
1718124157199 0.5310739949504758 34
1718124163828 0.5309768887162556 35
1718124170007 0.531171101184696 36
1718124176219 0.5353466692561663 37
1718124182393 0.533598757040202 38
1718124188508 0.5377743251116722 39
1718124194693 0.5349582443192853 40
1718124200988 0.5342785006797436 41
1718124207115 0.5358322004272674 42
1718124213708 0.5341813944455234 43
1718124219984 0.5357350941930472 44
1718124226188 0.5330161196348806 45
1718124232488 0.5326276946979996 46
1718124238988 0.5369003690036901 47
1718124245693 0.5323363759953389 48
1718124252374 0.5309768887162556 49
