1718123934232 0.7592273202742109 0
1718123942347 0.7524687234566819 1
1718123949750 0.7464877540095253 2
1718123956942 0.7433098620787171 3
1718123963338 0.7408692283289773 4
1718123970221 0.7353687562187265 5
1718123976701 0.7312223019992342 6
1718123984231 0.7316059181871621 7
1718123991224 0.7285430424424432 8
1718123998536 0.7258431507933955 9
1718124007298 0.7232625007814502 10
1718124013698 0.7223303156517307 11
1718124019903 0.7221142922221504 12
1718124026275 0.719318430801356 13
1718124032755 0.7171609564597562 14
1718124039562 0.7172061326155751 15
1718124045878 0.7138700692549996 16
1718124052026 0.7145255123791487 17
1718124058160 0.7138249017992375 18
1718124064726 0.7106796645599863 19
1718124070857 0.710378740422474 20
1718124077034 0.7099533172220177 21
1718124083148 0.7066532209145356 22
1718124089246 0.705828164628944 23
1718124095327 0.7060197414078327 24
1718124101443 0.7072162462502533 25
1718124107557 0.7062352822619196 26
1718124113652 0.7028404418263376 27
1718124119779 0.7033331744048906 28
1718124125891 0.7029950143017384 29
1718124132507 0.70200340778376 30
1718124138600 0.7008162267182184 31
1718124144699 0.6995508388980575 32
1718124150774 0.6988510640326494 33
1718124156838 0.6976851238782361 34
1718124163466 0.6988618221619854 35
1718124169644 0.6975278538761672 36
1718124175870 0.6980390973527979 37
1718124182048 0.6965554710593282 38
1718124188163 0.6960845955225251 39
1718124194341 0.6956964714556747 40
1718124200627 0.6956570217883364 41
1718124206769 0.6952357752630429 42
1718124213121 0.6961613742646223 43
1718124219624 0.6957862092101056 44
1718124225811 0.694357743174393 45
1718124232127 0.6961712003309534 46
1718124238468 0.6937510381851878 47
1718124245332 0.696080592570838 48
1718124251997 0.6953642035585753 49
