1718126475775 0.4966012818022917 0
1718126483612 0.5006797436395417 1
1718126490811 0.5052437366478928 2
1718126497049 0.5054379491163332 3
1718126503287 0.5105845795300058 4
1718126510342 0.5138861914934939 5
1718126517194 0.5133035540881724 6
1718126523822 0.5124295979801903 7
1718126530793 0.5161196348805593 8
1718126537439 0.5158283161778986 9
1718126543924 0.5169935909885415 10
1718126550506 0.5194212468440473 11
1718126556707 0.5187415032045057 12
1718126563657 0.5236939211497378 13
1718126569956 0.5201980967178093 14
1718126576432 0.5209749465915712 15
1718126582818 0.5234026024470771 16
1718126589120 0.5236939211497378 17
1718126595486 0.5209749465915712 18
1718126601854 0.5274810642843271 19
1718126608175 0.5246649834919401 20
1718126614548 0.524179452320839 21
1718126620880 0.5266071081763449 22
1718126627165 0.5270926393474461 23
1718126633621 0.5268984268790057 24
1718126640010 0.5271897455816663 25
1718126646288 0.5286463390949699 26
1718126652973 0.5268984268790057 27
1718126659864 0.5288405515634104 28
1718126666234 0.5265100019421247 29
1718126672498 0.5325305884637793 30
1718126678721 0.5313653136531366 31
1718126685094 0.531559526121577 32
1718126691326 0.5358322004272674 33
1718126697723 0.5328219071664401 34
1718126704004 0.5310739949504758 35
1718126710304 0.533598757040202 36
1718126716584 0.5370945814721305 37
1718126722797 0.5328219071664401 38
1718126729238 0.5378714313458924 39
1718126735525 0.5350553505535055 40
1718126741732 0.5383569625169936 41
1718126748518 0.5374830064090115 42
1718126754714 0.5342785006797436 43
1718126760920 0.5357350941930472 44
1718126767174 0.5364148378325888 45
1718126773316 0.5353466692561663 46
1718126779456 0.5378714313458924 47
1718126785793 0.5372887939405709 48
1718126792317 0.5379685375801126 49
1718126798561 0.5404932996698388 50
1718126805517 0.5397164497960769 51
1718126812033 0.5377743251116722 52
1718126818839 0.5394251310934162 53
1718126827045 0.5419498931831424 54
1718126842354 0.5406875121382793 55
1718126850951 0.5402990872013983 56
1718126858688 0.54097883084094 57
1718126866904 0.5396193435618567 58
1718126876034 0.5418527869489221 59
1718126885839 0.5418527869489221 60
1718126894155 0.5415614682462614 61
1718126901960 0.5424354243542435 62
1718126908897 0.541367255777821 63
1718126917170 0.5433093804622257 64
1718126924046 0.544280442804428 65
1718126930822 0.5427267430569043 66
1718126937131 0.543018061759565 67
1718126943468 0.5433093804622257 68
1718126951452 0.5432122742280054 69
1718126958756 0.5455428238492911 70
1718126966042 0.5476791610021363 71
1718126972637 0.5440862303359876 72
