1718126475066 0.750670919784848 0
1718126483231 0.7448387923447982 1
1718126490465 0.7418736119448028 2
1718126496703 0.7379647335558204 3
1718126502941 0.736448857215991 4
1718126509839 0.731770115516941 5
1718126516817 0.7281600616594649 6
1718126523476 0.7241498164323547 7
1718126530448 0.7251039819317575 8
1718126537095 0.7207473113392451 9
1718126543569 0.720663655248488 10
1718126550160 0.7199897235780028 11
1718126556362 0.7161420179727656 12
1718126563119 0.7145943128914567 13
1718126569607 0.7143312171564339 14
1718126576078 0.7130396101878297 15
1718126582472 0.7106683566611006 16
1718126588743 0.7096407101576373 17
1718126595141 0.7082051333988676 18
1718126601516 0.7060592856651507 19
1718126607812 0.7075554120892323 20
1718126614187 0.7046132715222257 21
1718126620551 0.705723053457574 22
1718126626818 0.7035997290603863 23
1718126633278 0.7029560613243476 24
1718126639657 0.7027314648680065 25
1718126645943 0.7023861084295355 26
1718126652385 0.7005616311701188 27
1718126659471 0.700949708589856 28
1718126665888 0.6995115854910442 29
1718126672137 0.7000145829797532 30
1718126678360 0.7002444126591179 31
1718126684755 0.6992510352630793 32
1718126690964 0.6976785684316795 33
1718126697391 0.6972484835741682 34
1718126703660 0.6965018276657376 35
1718126709959 0.695804389089531 36
1718126716213 0.6957453136673625 37
1718126722450 0.6967647946584299 38
1718126728892 0.6941594636958578 39
1718126735164 0.6933120762616951 40
1718126741384 0.6928336519447172 41
1718126748174 0.6946449351514349 42
1718126754366 0.6929111106332785 43
1718126760590 0.6920002748877365 44
1718126766827 0.691358390339413 45
1718126772970 0.6910833144872826 46
1718126779119 0.6908708677528808 47
1718126785293 0.6910424890077632 48
1718126791971 0.6908340596171639 49
1718126798199 0.6908657642902795 50
1718126805172 0.6904017456014704 51
1718126811641 0.6893359439806168 52
1718126818509 0.6897034504861566 53
1718126825989 0.6888174442863613 54
1718126841410 0.6876569380116019 55
1718126850444 0.6879288674974293 56
1718126858218 0.6874383063697667 57
1718126866420 0.6877134357179914 58
1718126874859 0.6861602417800737 59
1718126885153 0.6879911211244067 60
1718126893594 0.6874706043127161 61
1718126901610 0.6870750040278671 62
1718126908520 0.6866644085471675 63
1718126916807 0.6864753502033512 64
1718126923544 0.6858662747263168 65
1718126930461 0.686471948203463 66
1718126936777 0.6852378596245132 67
1718126943107 0.6832242396584949 68
1718126951091 0.6842145097459326 69
1718126958192 0.6836425369570714 70
1718126965625 0.6840430491181634 71
1718126972274 0.6830641707833509 72
