1718106543970 0.7557764386075624 0
1718106566465 0.7342269626093207 1
1718106581835 0.7272342473083402 2
1718106594360 0.7222257400891796 3
1718106606417 0.714911676064041 4
1718106618064 0.7144466137849026 5
1718106629263 0.7108111107571525 6
1718106640103 0.7083976372891332 7
1718106651118 0.7075530148070791 8
1718106662112 0.7061805850045281 9
1718106672573 0.7030648492878269 10
1718106682816 0.7031243762799672 11
1718106693153 0.7009555983432332 12
1718106703555 0.6994688093477155 13
1718106713927 0.6980386068639548 14
1718106725180 0.6965953240761106 15
1718106736033 0.6964972790631448 16
1718106747319 0.6958712717020734 17
1718106758044 0.694710446579486 18
1718106769792 0.6921130139265002 19
1718106780370 0.6928118649661911 20
1718106790800 0.691917837637922 21
1718106801326 0.6915438709236821 22
1718106811774 0.6907546615100796 23
1718106822950 0.6895622716094396 24
1718106833937 0.6900288615352619 25
1718106849990 0.6886842963488206 26
1718106862791 0.6875380279021974 27
1718106875457 0.6882386091425552 28
1718106888178 0.6870751394803479 29
1718106901193 0.6865038122542156 30
1718106908890 0.6855365966695436 31
1718106916225 0.6846308052910041 32
1718106929326 0.6840902971832649 33
1718106942607 0.6841754631966538 34
1718106949958 0.6817136808119205 35
1718106962893 0.683978758335854 36
1718106975942 0.6828121324966413 37
1718106988610 0.6824676412973345 38
1718106995697 0.6820471364518871 39
1718107002884 0.6807152100879214 40
1718107010112 0.6808663645053502 41
1718107017245 0.6799716326113073 42
