1718129283614 0.5263157894736842 0
1718129292782 0.5319479510584579 1
1718129299622 0.5350553505535055 2
1718129306338 0.5417556807147019 3
1718129313041 0.5432122742280054 4
1718129320703 0.546708098659934 5
1718129327417 0.5481646921732375 6
1718129335017 0.5473878422994757 7
1718129341954 0.5491357545154399 8
1718129349128 0.5494270732181006 9
1718129356765 0.5478733734705769 10
1718129363502 0.5480675859390173 11
1718129370457 0.5497183919207613 12
1718129377599 0.5485531171101184 13
1718129384174 0.5492328607496602 14
1718129390840 0.5492328607496602 15
1718129397820 0.5469994173625947 16
1718129405634 0.5486502233443387 17
1718129412392 0.5473878422994757 18
1718129419372 0.5490386482812196 19
1718129426336 0.5471936298310351 20
1718129433537 0.548358904641678 21
1718129440736 0.5476791610021363 22
1718129447412 0.5500097106234221 23
1718129454259 0.5499126043892018 24
1718129461192 0.5476791610021363 25
