1718129283043 0.7284756162614556 0
1718129292272 0.700666954845005 1
1718129299229 0.6903998855478275 2
1718129305977 0.6854442095626956 3
1718129312680 0.6829352513510988 4
1718129320211 0.6787693450539749 5
1718129327054 0.6784101100349278 6
1718129334625 0.6779801115763854 7
1718129341592 0.6783741300705797 8
1718129348688 0.6785050755054314 9
1718129356388 0.6770507576210159 10
1718129363138 0.6770556228038687 11
1718129370092 0.6762667053049396 12
1718129377222 0.6776669602031293 13
1718129383797 0.6767307366273418 14
1718129390478 0.6765218733908227 15
1718129397445 0.6766605721034619 16
1718129405239 0.6769413670860462 17
1718129411803 0.6770048099830284 18
1718129419011 0.6767332379862389 19
1718129425981 0.6776453518997068 20
1718129433144 0.6773460017320532 21
1718129440363 0.6771890705694323 22
1718129447013 0.6762965610308677 23
1718129453828 0.677063609178392 24
1718129460816 0.6776302973768726 25
