1718108145709 0.7819961696770621 0
1718108152794 0.7719486328015416 1
1718108161782 0.7693474386234461 2
1718108170119 0.7599857839183037 3
1718108177142 0.7548577648975094 4
1718108184922 0.7519732233345139 5
1718108192944 0.7489345795156793 6
1718108201372 0.7478841696836933 7
1718108208048 0.7440302734789641 8
1718108214894 0.7425925472045537 9
1718108222133 0.742817049579961 10
1718108228547 0.7402735873594047 11
1718108235408 0.7375210040011762 12
1718108242665 0.7381223605378814 13
1718108249504 0.736478375028009 14
1718108256552 0.7366341364031993 15
1718108263009 0.7359925486749004 16
1718108269369 0.7333101191505882 17
1718108275760 0.7337828615437383 18
1718108283716 0.7340295084329865 19
1718108290683 0.73277603006511 20
1718108297703 0.7325728800356018 21
1718108304511 0.7325494185275172 22
1718108311592 0.7290668761970834 23
1718108318199 0.7323954731503629 24
1718108325065 0.7267151656820907 25
1718108332115 0.7274335027666565 26
1718108339928 0.7264194607457019 27
1718108347045 0.7306358885968695 28
1718108353766 0.7262901927558532 29
1718108360547 0.7271826070102846 30
1718108368135 0.7261998285510525 31
1718108374657 0.726093011104172 32
1718108381093 0.7233333634848921 33
1718108387411 0.7222992379380309 34
1718108393694 0.7242131388242941 35
1718108400135 0.7223713557635035 36
1718108407467 0.7235889211759804 37
1718108413860 0.7205509786835368 38
1718108420485 0.7225053019312598 39
1718108427054 0.7223669749146663 40
1718108433266 0.721677573108525 41
1718108439415 0.7217462868979259 42
1718108445854 0.7237774652446279 43
1718108454097 0.7229948429772572 44
1718108461096 0.7189152037597591 45
1718108467755 0.7214426955451136 46
1718108474190 0.7202582394021638 47
1718108480694 0.7210434411901124 48
